%% File numbers for training/testing on the bird database.
%% The first 20 files in the list were used for training 
%% (see birds_training_pairs.txt for lists of training pairs), 
%% the next 30 for validation, and the final 50 for testing.
%% If your recognition approach does not have a separate 
%% validation phase, simply use the first 50 numbers for
%% training and the rest for testing.

Egret

    18
    75
    29
    57
    71
    22
    23
    20
    79
    53
    21
    97
    66
    95
    11
    32
    50
    42
    40
     9
    89
    91
    26
    62
    59
    48
    98
    44
    87
    93
    61
    39
    94
    14
    16
    52
    54
    43
     6
    36
    81
    38
     8
    56
    63
    12
    78
    99
    34
     3
    86
    41
    13
     4
    47
    45
    15
    67
    80
    35
    19
     7
    58
    72
    51
    31
    17
    27
    88
    10
   100
    84
     1
    74
    49
    68
    64
    96
    65
    76
    46
    85
    69
    37
    28
    92
    83
    24
    82
    60
    30
    55
    77
    90
    33
    70
    73
     2
    25
     5


Mandarin

    24
    92
    31
     8
    42
    21
    99
    91
    25
    55
    85
    15
    50
    51
    27
    30
    94
    39
    26
     2
    88
    87
    29
    97
    68
    95
    53
    49
    72
    69
    67
    22
    75
    57
    44
    16
    19
    36
    48
    10
    78
    33
     7
    35
    98
     4
    61
    46
    83
    38
    70
    54
    77
    74
    60
    28
     3
    11
    80
    64
    66
    96
    40
    43
    52
    79
    56
    76
    47
    71
    90
    14
    32
     6
    12
    81
    23
    65
     9
    63
    45
    41
    73
    37
    59
    58
    89
    84
     5
    20
    93
    62
    18
    13
    34
    17
     1
    82
    86
   100


Owl

     6
    70
    69
    15
    61
    46
    50
    56
    84
    45
    83
    36
     8
    27
    29
    98
    32
    54
    74
    68
    82
    58
    80
    87
    75
     9
    71
    92
    18
    25
    52
    43
    79
    62
     5
    44
     1
    28
   100
    57
    94
    95
    47
    90
    66
    78
    99
    60
    17
    86
    85
    72
    26
    23
    53
    49
    59
    91
    41
    34
    12
    55
    22
    14
    19
    96
    31
    35
    65
    13
    37
    64
    16
     2
    30
    89
    20
    88
    81
     4
    77
    42
    39
    40
    63
    21
     3
    11
    67
    76
    24
     7
    73
    10
    51
    97
    93
    33
    48
    38


Puffin 

   100
    80
    15
    22
    23
    13
    19
    68
    12
    53
    26
    54
    31
    18
    67
    41
     5
    81
    35
    89
    73
    88
    59
    58
    24
    56
    90
     6
     2
    51
    48
    75
    52
    46
    72
    45
    14
    63
    62
    87
    34
    64
    27
     9
    16
    65
    98
    91
    83
    61
    33
    97
    42
    11
    32
    96
    69
    95
    39
    93
    40
    10
    25
    66
     7
    21
    20
     4
     8
    28
    55
    76
    78
    36
    17
     1
    86
    30
    37
    43
    29
    38
    85
    49
    94
    82
     3
    57
    92
    47
    70
    79
    74
    84
    44
    99
    50
    71
    77
    60


Toucan

    91
    11
    46
    77
    35
    79
    22
    64
    49
    72
    15
    10
    56
     9
    37
    52
    42
    71
    25
    30
    74
    43
    68
    67
     4
    92
    51
   100
    70
    69
    55
    17
    40
    75
    27
    33
     6
    89
     7
    20
    81
    57
    29
    98
    96
    31
    61
    53
     1
    73
    90
    16
    12
    63
    62
    45
    94
    82
    66
    88
    18
    50
    59
    41
     8
     2
    84
     3
    99
    54
    87
    86
    21
    93
    38
    80
    26
    97
    78
    34
    58
    39
    28
    60
    19
    85
    47
    13
    24
    32
    44
    95
     5
    65
    83
    76
    14
    23
    48
    36


Wood duck

    47
    19
    90
    61
    82
    99
    96
    80
    73
    39
    95
    16
    86
    84
    67
    32
    58
    81
    71
    51
    56
    97
     1
    65
    23
   100
    22
    11
    64
    93
    42
    15
     9
    76
     7
    60
    41
    79
    77
    88
    33
    12
     8
    10
    17
    40
    38
    57
    29
    72
    37
     4
    18
    27
    13
     3
    34
    53
    85
     5
    46
    75
    83
    36
     2
    48
    91
    20
    69
    52
    24
    55
    35
    14
    21
    62
    44
    87
    25
    30
    49
    89
    31
    70
    74
    43
    78
    94
    63
    28
    66
    54
    98
    68
     6
    92
    45
    59
    50
    26
