%% File numbers of training pairs for the birds database.
%% For a flat list of file numbers, see birds_f_numbers.txt.

Egret

     9    23
     9    40
    11    21
    11    53
    18    22
    18    57
    20    75
    20    95
    21    18
    21    40
    22    79
    22    97
    23    50
    23    66
    29     9
    29    57
    32     9
    32    21
    40    32
    42    53
    42    66
    50    20
    50    75
    53    29
    53    71
    57    11
    57    79
    66    42
    66    50
    71    18
    71    97
    75    23
    75    71
    79    22
    79    42
    95    20
    97    11
    97    29


Mandarin

     2    94
     2    99
     8    21
     8    92
    15    27
    15    30
    21    15
    21    30
    24     2
    24     8
    25    26
    25    27
    26    21
    26    50
    27    26
    27    91
    30    31
    30    55
    31    39
    31    85
    39    51
    39    91
    42     8
    42    50
    50    94
    50    99
    51    24
    51    42
    55    31
    85    15
    85    25
    91    25
    91    42
    92    39
    92    85
    94     2
    94    51
    99    24
    99    92


Owl

     6    69
     6    98
     8    69
    15    61
    27    45
    27    74
    29    56
    32    36
    32    84
    36    32
    36    68
    45    27
    45    50
    46    70
    46    84
    50     6
    50    45
    54    98
    56    54
    56    68
    61    29
    61    46
    68    46
    68    70
    69     8
    69    32
    70    36
    70    74
    74    83
    83     6
    83    56
    84    15
    84    27
    98    50
    98    61


Puffin

     5    54
     5    67
    12    13
    13    26
    13    31
    15    68
    18    22
    18    89
    19    18
    22     5
    22   100
    23    53
    23    81
    26    12
    26    15
    31    15
    31    26
    35    41
    35    80
    41    12
    41    18
    53    35
    53    89
    54    22
    54    35
    67    53
    68    31
    68    81
    80    23
    81     5
    81    41
    89    19
    89    23
   100    54


Toucan

     9    11
     9    42
    10    37
    10    64
    11    15
    11    22
    15    46
    15    71
    22    30
    22    79
    25    56
    25    91
    30    42
    30    79
    35     9
    37    15
    37    49
    42    25
    42    64
    46    35
    46    77
    49    71
    49    72
    52    49
    56    11
    56    72
    64    37
    64    52
    71     9
    71    10
    72    22
    72    25
    77    56
    79    10
    79    91
    91    30
    91    46


Wood duck

    16    73
    16    80
    19    39
    19    67
    32    86
    39    81
    39    99
    47    32
    47    95
    51    47
    58    19
    58    51
    61    73
    67    84
    67    86
    71    67
    71    84
    73    82
    73    90
    80    61
    80    95
    81    99
    82    19
    82    47
    84    90
    84    96
    86    82
    86    96
    90    39
    90    80
    95    16
    95    58
    96    16
    96    58
    99    71
